"runner75" "obervation_id" "loanlink" "opening_balance" "avg_transaction" "minority_dummy" "above_insurance" "ln_accountage" "age" "stock" "social_runners" "ward_runners" "education" "avg_deposit_chng" "avg_withdraw_chng" "education_dummy1" "education_dummy2" "wealth"
"1" 0 3751 0 23.3199996948242 15 0 0 6.47850942611694 4 0 0.0669642835855484 0.0319634713232517 2 0.000288100010948256 0 1 0 0.00392156885936856
"2" 0 15912 0 0.310000002384186 3 0 0 8.15622329711914 3 0 0 0.0313192009925842 1 0.000378371012629941 0 0 0 0.00392156885936856
"3" 0 11135 0 11.2006006240845 4 1 0 7.6838641166687 4 0 0 0.0313192009925842 1 0.000350471003912389 0 0 0 0.00392156885936856
"4" 1 15689 0 660.309997558594 4 1 0 7.6838641166687 4 1 0 0.0313192009925842 3 0.000374243012629449 0 0 1 0.00392156885936856
"5" 0 15299 0 0.707499980926514 3 1 0 7.6838641166687 4 0 0 0.0313192009925842 3 0.000368829001672566 0 0 1 0.00392156885936856
"6" 0 2371 0 7.6282000541687 15 0 0 7.80139112472534 4 0 0 0.0319634713232517 2 0 0 1 0 0.00392156885936856
"7" 0 17237 0 7.95310020446777 26 0 0 7.68708038330078 NA 0 0 0.03125 3 0.000844999973196536 0 0 1 0.00392156885936856
"8" 1 17470 0 390.880004882812 4 1 0 7.57353115081787 4 1 0 0.0313192009925842 1 0.00155038596130908 0 0 0 0.00400000018998981
"9" 0 16173 1 23.6214981079102 10 0 0 8.09162712097168 4 0 0 0.0319634713232517 3 0.000386100000469014 0 0 1 0.00400000018998981
"10" 0 9737 0 34.5787010192871 8 0 0 7.6838641166687 4 0 0 0.0358422957360744 2 0.000322056992445141 0.0211229994893074 1 0 0.00400000018998981
"11" 0 12782 0 11.2044992446899 15 1 0 7.6838641166687 5 1 0 0.0313192009925842 3 0.000357056997017935 0 0 1 0.00400000018998981
"12" 0 17172 0 48.2935028076172 5 0 0 7.70975685119629 4 0 0 0.0239520967006683 2 0.000726900005247444 0 1 0 0.00400000018998981
"13" 1 10587 0 344.280792236328 11 0 0 7.6838641166687 4 0 0 0.0313192009925842 3 0.00034520000917837 0.00439064297825098 0 1 0.00763358781114221
"14" 0 14189 0 0.405000001192093 3 1 0 7.6838641166687 NA 0 0 0.0313192009925842 2 0.000361285987310112 0 1 0 0.00763358781114221
"15" 0 15794 0 23.2299995422363 4 1 0 7.6838641166687 3 0 0 0.0313192009925842 1 0.000375942996470258 0 0 0 0.00763358781114221
"16" 0 13110 0 3.35290002822876 4 1 0 7.6838641166687 4 0 0 0.0313192009925842 1 0.000357543001882732 0 0 0 0.00763358781114221
"17" 1 10977 0 525.513916015625 4 0 0 7.6838641166687 4 0 0 0.0314136110246181 2 0.000349100009771064 0 1 0 0.00792156904935837
"18" 0 19396 1 5.09999990463257 4 0 0 5.78382539749146 4 0 0.0512820519506931 0.0555555559694767 3 0.971878588199615 0 0 1 0.00792156904935837
"19" 0 18351 0 3.59999990463257 4 1 0 7.14440727233887 3 0 0 0.00970873795449734 2 0.0306633859872818 0 1 0 0.00792156904935837
"20" 0 10820 0 14.4630002975464 5 0 0 7.6838641166687 4 0 0 0.0245283022522926 3 0.000347713998053223 0 0 1 0.00792156904935837
"21" 0 18727 0 11.0150003433228 13 0 0 6.88857269287109 4 0 0 0.0127041740342975 3 0.0984464287757874 0 0 1 0.00792156904935837
"22" 0 9755 0 0 18 1 1 7.6838641166687 4 0 0.101265825331211 0.0313192009925842 2 0.000322842999594286 0.00923919957131147 1 0 0.00792156904935837
"23" 0 17397 0 6.67000007629395 4 0 0 7.60240125656128 4 0 0 0.029126213863492 2 0.00130914303008467 0 1 0 0.00792156904935837
"24" 0 19239 0 0.00999999977648258 5 0 0 6.16331481933594 4 0 0 0.0246153846383095 3 0.45181742310524 0 0 1 0.00792156904935837
"25" 0 10257 0 32.7925987243652 6 0 0 7.6838641166687 4 0 0 0 2 0.000339513993822038 0 1 0 0.00792156904935837
"26" 0 17349 1 4.57000017166138 4 1 0 7.6241307258606 4 0 0 0.032992035150528 3 0.00113517104182392 0 0 1 0.00792156904935837
"27" 0 11250 0 3.19170022010803 5 0 0 7.6838641166687 4 0 0 0.032992035150528 2 0.000351285998476669 0 1 0 0.00792156904935837
"28" 0 3300 1 1.64050006866455 0 0 0 7.23345518112183 4 1 0 0.0442890450358391 3 0 0 0 1 0.00792156904935837
"29" 1 13143 0 689.136474609375 29 1 0 7.6838641166687 3 0 0 0.0313192009925842 2 0.000357613986125216 0.0097972434014082 1 0 0.00792156904935837
"30" 0 16304 0 4.09000015258789 4 0 0 8.05261516571045 4 0 0 0.0270270276814699 3 0.000393586000427604 0 0 1 0.00792156904935837
"31" 0 1817 0 829.004516601562 108 0 0 8.09468364715576 4 NA 0 0.0313192009925842 3 0 0.0183241851627827 0 1 0.00792156904935837
"32" 0 14308 0 6.31650018692017 7 1 0 7.6838641166687 4 1 0 0.0358422957360744 2 0.000361813989002258 0 1 0 0.00792156904935837
"33" 0 19269 1 14.5488004684448 12 1 0 6.10255861282349 4 0 0.16666667163372 0.0313192009925842 2 0.50352144241333 0 1 0 0.00792156904935837
"34" 0 14154 0 0.944199979305267 6 0 0 7.6838641166687 4 0 0 0.0117647061124444 2 0.000361114012775943 0 1 0 0.00792156904935837
"35" 0 14089 0 2.37139987945557 4 0 0 7.6838641166687 4 0 0 0.0239520967006683 3 0.000360800011549145 0 0 1 0.00792156904935837
"36" 0 16426 0 1.77999997138977 4 0 0 7.99766302108765 4 0 0 0.0313192009925842 2 0.000401400000555441 0 1 0 0.00792156904935837
"37" 1 18747 0 224.490005493164 4 1 0 6.86901426315308 3 0 0.5 0.0313192009925842 3 0.104585811495781 0 0 1 0.00792156904935837
"38" 0 13968 0 31.4785003662109 8 0 0 7.6838641166687 5 0 0 0.0313192009925842 1 0.000360242993338034 0 0 0 0.00792156904935837
"39" 1 17755 0 511.166595458984 13 1 0 7.45414113998413 4 1 0 0.0313192009925842 3 0.00391467101871967 0 0 1 0.00792156904935837
"40" 0 13258 0 0.451799988746643 3 1 0 7.6838641166687 4 0 0 0.0313192009925842 3 0.00035782900522463 0 0 1 0.00792156904935837
"41" 0 15250 0 1.12260007858276 3 0 0 7.6838641166687 4 0 0 0.0313192009925842 3 0.000368442997569218 0 0 1 0.00792156904935837
"42" 0 14089 0 2.37139987945557 4 0 0 7.6838641166687 4 1 0 0.0239520967006683 1 0.000360800011549145 0 0 0 0.00792156904935837
"43" 0 16841 1 22.0400009155273 4 0 0 7.8663387298584 4 0 0 0.0181818176060915 2 0.000460270995972678 0 1 0 0.00792156904935837
"44" 0 2804 0 9.30000019073486 0 0 0 7.56216144561768 4 0 0 0.0245283022522926 1 0 0 0 0 0.00792156904935837
"45" 1 11889 0 108.941696166992 11 0 0 7.6838641166687 4 0 0 0.0799999982118607 3 0.000354413990862668 0 0 1 0.00792156904935837
"46" 0 14639 0 9.75 14 1 0 8.36357593536377 4 0 0 0.0313192009925842 3 0.000363470986485481 0 0 1 0.00792156904935837
"47" 1 19288 0 533.707885742188 43 0 0 6.04263305664062 4 0 0.300000011920929 0.03125 3 0.549051940441132 5.25286013726145e-05 0 1 0.00792156904935837
"48" 0 13048 0 1.54710006713867 4 1 0 7.6838641166687 4 0 0 0.0313192009925842 3 0.000357429002178833 0 0 1 0.00792156904935837
"49" 0 9731 0 2.38619995117188 4 0 0 7.6838641166687 4 0 0 0.0314136110246181 3 0.000321714003803208 0 0 1 0.00792156904935837
"50" 0 3042 0 50.3600006103516 0 1 0 7.42654895782471 3 0 0 0.0313192009925842 3 0 0 0 1 0.00792156904935837
"51" 0 16841 1 22.0400009155273 4 0 0 7.8663387298584 4 1 0 0.0181818176060915 3 0.000460270995972678 0 0 1 0.00792156904935837
"52" 1 13863 0 132.227310180664 13 0 0 7.6838641166687 4 0 0 0.022624434903264 2 0.000359786004992202 0 1 0 0.00792156904935837
"53" 0 9728 0 7.71260023117065 4 0 0 7.6838641166687 4 0 0 0.0319634713232517 2 0.000321642990456894 0 1 0 0.00792156904935837
"54" 0 1703 0 0.600000023841858 0 0 0 8.16876983642578 3 0 0 0.0428571440279484 2 0 0 1 0 0.00792156904935837
"55" 0 18071 0 6.21999979019165 4 0 0 7.31188631057739 4 0 0 0.0313192009925842 2 0.0124689843505621 0 1 0 0.00792156904935837
"56" 0 13317 0 175.803497314453 4 1 0 7.6838641166687 4 0 0 0.0245283022522926 3 0.000357985991286114 0 0 1 0.00792156904935837
"57" 0 17723 0 7.42000007629395 8 0 0 7.47079372406006 3 0 0 0.0313192009925842 2 0.003599613904953 0 1 0 0.00792156904935837
"58" 0 15501 0 7.61549997329712 4 1 0 7.6838641166687 4 1 0 0.0555555559694767 3 0.000371600006474182 0 0 1 0.00792156904935837
"59" 1 16875 0 298.381805419922 8 1 0 7.8508825302124 4 0 0 0.032992035150528 3 0.000469928985694423 0.0136101571843028 0 1 0.00792156904935837
"60" 1 11258 0 58.6877975463867 34 1 0 7.6838641166687 NA 0 0 0.0313192009925842 2 0.000351299997419119 0.0217492431402206 1 0 0.00792156904935837
"61" 1 10583 0 524.7705078125 50 0 0 7.6838641166687 4 0 0 0.032992035150528 2 0.000345128995832056 0.0300368573516607 1 0 0.00792156904935837
"62" 0 15741 0 1.23000001907349 4 1 0 7.6838641166687 3 1 0 0.0313192009925842 2 0.000375000003259629 0 1 0 0.00792156904935837
"63" 0 15549 0 0.899999976158142 3 1 0 7.6838641166687 3 1 0 0.032992035150528 1 0.000372270995285362 0 0 0 0.00792156904935837
"64" 0 12253 0 15.2788000106812 4 0 0 7.6838641166687 4 0 0 0.0314685329794884 2 0.000355700001819059 0 1 0 0.00792156904935837
"65" 0 14580 0 15.034499168396 5 0 0 7.6838641166687 4 0 0 0 3 0.000363200000720099 0 0 1 0.00792156904935837
"66" 0 18612 0 5.51000022888184 7 0 0 6.97914505004883 4 0 0 0.0313192009925842 3 0.0719244256615639 0 0 1 0.00792156904935837
"67" 0 17169 0 2.17000007629395 4 0 0 7.71244382858276 4 0 0 0.0314685329794884 2 0.000724886020179838 0 1 0 0.00792156904935837
"68" 0 19198 0 224.421508789062 4 0 0 6.28413438796997 4 0 0 0.0358422957360744 2 0.382783114910126 0 1 0 0.00792156904935837
"69" 0 18584 0 2.0689001083374 7 1 0 6.98841333389282 4 0 0.101351350545883 0.0313192009925842 2 0.0654529258608818 0 1 0 0.00792156904935837
"70" 0 437 0 6 0 0 0 8.95969676971436 4 0 0 0.0227272734045982 3 0 0 0 1 0.00792156904935837
"71" 1 10242 0 0 5 1 1 7.6838641166687 4 0 0 0.0313192009925842 3 0.000339129008352757 0 0 1 0.00792156904935837
"72" 1 14478 0 63.3235015869141 13 0 0 7.6838641166687 4 0 0 0.0571428574621677 3 0.000362785998731852 0 0 1 0.00792156904935837
"73" 1 19057 0 2.22000002861023 4 0 0 6.56103086471558 4 0 1 0.032992035150528 2 0.264796316623688 0 1 0 0.00792156904935837
"74" 1 16679 0 62.5800018310547 9 1 0 7.91644287109375 4 0 0 0.032992035150528 3 0.000427313992986456 0 0 1 0.00792156904935837
"75" 0 19651 0 3 1 0 0 2.39789533615112 4 0 0 0.070175439119339 2 0 0 1 0 0.00792156904935837
"76" 0 3427 0 12.7440004348755 1 0 0 7.07072401046753 4 0 0 0.0314136110246181 3 0.000213014005566947 0 0 1 0.00792156904935837
"77" 0 11228 0 50.6289978027344 24 0 0 7.6838641166687 3 0 0 0.0127041740342975 3 0.000351171009242535 0 0 1 0.00792156904935837
"78" 1 17511 0 233.494613647461 10 1 0 7.55381107330322 4 0 0 0.0313192009925842 2 0.00174278602935374 0 1 0 0.00792156904935837
"79" 0 18519 0 2.88000011444092 4 0 0 7.02019071578979 4 0 0 0.0313192009925842 3 0.0541839562356472 0 0 1 0.00792156904935837
"80" 0 957 0 11.8100004196167 0 0 0 8.61468315124512 4 0 0 0 2 0 0 1 0 0.00792156904935837
"81" 1 3708 0 0 2 0 1 6.6147255897522 4 0 0.0669642835855484 0.0319634713232517 2 0.000281329004792497 0 1 0 0.00792156904935837
"82" 0 9953 0 0.742399990558624 0 0 0 7.6838641166687 4 0 0 0.0127041740342975 3 0.00033112900564447 0 0 1 0.00792156904935837
"83" 0 15204 0 2.92000007629395 5 1 0 7.6838641166687 3 0 0.400000005960464 0.0313192009925842 3 0.000367928994819522 0 0 1 0.00792156904935837
"84" 0 3544 0 3.40000009536743 0 0 0 6.95368432998657 4 0 0 0.0245283022522926 3 0.000248013995587826 0 0 1 0.00792156904935837
"85" 0 18455 0 2.35999989509583 4 0 0 7.06731986999512 4 1 0 0.0271317828446627 3 0.0428101420402527 0 0 1 0.00792156904935837
"86" 0 10440 0 87.3723068237305 18 0 0 7.6838641166687 4 0 0 0.032992035150528 2 0.000342999992426485 0.00222274288535118 1 0 0.00792156904935837
"87" 0 17653 0 8.97999954223633 5 1 0 7.49164533615112 4 0 0 0.0313192009925842 2 0.00279145711101592 0 1 0 0.00792156904935837
"88" 0 16245 0 225.952301025391 6 1 0 8.07402610778809 4 0 0 0.0313192009925842 2 0.000391386012779549 0 1 0 0.00792156904935837
"89" 1 1837 0 70.8649978637695 34 0 0 8.08610248565674 4 0 0.0669642835855484 0.032992035150528 3 0 0.00832662917673588 0 1 0.00792156904935837
"90" 0 15215 0 2.14949989318848 4 1 0 7.6838641166687 4 0 0 0.0313192009925842 3 0.000368042994523421 0 0 1 0.00792156904935837
"91" 0 17072 0 22.3299999237061 5 0 0 7.75061464309692 4 0 0 0.032992035150528 2 0.000610756978858262 0 1 0 0.00792156904935837
"92" 1 13425 0 49.831600189209 4 1 0 7.6838641166687 4 0 0 0.0313192009925842 3 0.000358285993570462 0 0 1 0.00792156904935837
"93" 0 19501 0 7.73000001907349 3 1 0 5.28320360183716 4 0 0 0.0313192009925842 1 2.10332131385803 0 0 0 0.0102040823549032
"94" 0 18352 0 3.24000000953674 5 0 0 7.14440727233887 4 NA 0 0.0313192009925842 2 0.0308480709791183 0 1 0 0.0102040823549032
"95" 0 10038 0 0.410299986600876 3 0 0 7.6838641166687 4 0 0 0.032992035150528 3 0.000334200012730435 0 0 1 0.0115551566705108
"96" 1 12345 0 0 29 0 1 7.6838641166687 4 0 0 0.03125 2 0.000355956988641992 0 1 0 0.011633588001132
"97" 1 17400 0 404.190002441406 5 1 0 7.60140228271484 4 0 0 0.0313192009925842 2 0.00131930003408343 0 1 0 0.011633588001132
"98" 1 19375 0 69.3000030517578 36 0 0 5.83481073379517 4 0 0.600000023841858 0.0313192009925842 2 0.857359230518341 0.0241257436573505 1 0 0.011633588001132
"99" 0 2580 0 4.48939990997314 0 0 0 7.68937110900879 4 0 0 0.032992035150528 2 0 0 1 0 0.011633588001132
"100" 0 13909 0 0.50330001115799 3 0 0 7.6838641166687 4 1 0 0.0245283022522926 2 0.0003600140044 0 1 0 0.011633588001132
"101" 0 2495 0 21.5314998626709 8 0 0 7.72929573059082 4 0 0 0.0442890450358391 3 0 0 0 1 0.011633588001132
"102" 0 14813 0 0 4 0 1 7.6838641166687 4 1 0 0.0313192009925842 2 0.000364829000318423 0 1 0 0.0141256507486105
"103" 0 14841 0 0.263199985027313 3 0 0 7.6838641166687 4 1 0 0.0313192009925842 1 0.000365000014426187 0 0 0 0.0141256507486105
"104" 0 13232 0 2.32929992675781 4 0 0 7.6838641166687 4 0 0 0.0313192009925842 2 0.000357785989763215 0 1 0 0.0141256507486105
"105" 0 18222 0 2.575199842453 6 1 0 7.22475337982178 3 0 0 0.029126213863492 2 0.0203624423593283 0 1 0 0.0141256507486105
"106" 1 3715 0 640.809997558594 13 0 0 6.59850883483887 4 0 0.0669642835855484 0.0314685329794884 3 0.00028367099002935 0 0 1 0.0141256507486105
"107" 1 3181 0 130.945999145508 206 0 0 7.33758783340454 4 0 0.181818187236786 0.0428571440279484 2 0 0.124951258301735 1 0 0.0141256507486105
"108" 1 11202 0 289.547607421875 8 0 0 7.6838641166687 4 0 0 0.0313192009925842 2 0.000350957008777186 0.000977113959379494 1 0 0.0141256507486105
"109" 0 15050 0 1.72049999237061 4 1 0 7.6838641166687 4 0 0 0.0313192009925842 2 0.000366313994163647 0 1 0 0.0142040830105543
"110" 1 19451 0 197.949996948242 15 0 0 5.59842205047607 4 0 0.600000023841858 0.0313192009925842 2 1.47911524772644 0.00506719993427396 1 0 0.0142040830105543
"111" 0 15050 0 1.72049999237061 4 1 0 7.6838641166687 4 0 0 0.0313192009925842 2 0.000366313994163647 0 1 0 0.0142040830105543
"112" 0 15367 0 0.310000002384186 3 0 0 7.6838641166687 4 0 0 0.0239520967006683 1 0.000369843008229509 0 0 0 0.0155551563948393
"113" 0 11246 0 3.13040018081665 4 1 0 7.6838641166687 3 0 0 0.0313192009925842 3 0.000351285998476669 0 0 1 0.0155551563948393
"114" 0 18055 0 5.13000011444092 4 0 0 7.32052707672119 4 0 0 0.032992035150528 3 0.0118065997958183 0 0 1 0.0155551563948393
"115" 1 18273 0 0 38 0 1 7.19293403625488 3 0 0.5 0.0358422957360744 2 0.0236668568104506 0.00132115697488189 1 0 0.0155551563948393
"116" 1 15526 0 85.4499969482422 24 1 0 7.6838641166687 4 0 0 0.0313192009925842 2 0.000371942995116115 0 1 0 0.0155551563948393
"117" 0 9790 0 2.58279991149902 4 0 0 7.6838641166687 4 0 0 0.0358422957360744 1 0.000324657012242824 0 0 0 0.0155551563948393
"118" 0 9640 0 3.61870002746582 4 0 0 7.6838641166687 5 0 0 0.0442890450358391 2 0.000317428988637403 0 1 0 0.0155551563948393
"119" 1 10441 0 308.129089355469 8 0 0 7.6838641166687 4 0 0 0.032992035150528 2 0.000342999992426485 0.0136256711557508 1 0 0.0155551563948393
"120" 0 14759 0 2.42639994621277 4 0 0 7.6838641166687 NA 0 0 0.0313192009925842 2 0.000364428997272626 0 1 0 0.0155551563948393
"121" 0 16360 0 4.53999996185303 4 0 0 8.03008365631104 4 0 0 0.0239520967006683 2 0.000396743009332567 0 1 0 0.0155551563948393
"122" 0 19290 0 4.01999998092651 16 0 0 6.03548145294189 3 0 0.0669642835855484 0.0314685329794884 2 0.560404479503632 0 1 0 0.0155551563948393
"123" 0 19397 0 3.1800000667572 8 0 0 5.77455139160156 4 1 0 0 2 0.980474293231964 0 1 0 0.0155551563948393
"124" 1 18807 0 5.88000011444092 7 0 0 6.83195352554321 4 0 0.101351350545883 0.0313192009925842 2 0.121412888169289 0 1 0 0.0155551563948393
"125" 1 19287 0 44.8699989318848 22 1 0 6.05208921432495 4 0 0.400000005960464 0.0313192009925842 3 0.545454561710358 0.0134312137961388 0 1 0.0155551563948393
"126" 0 15062 0 7.80000019073486 4 1 0 7.6838641166687 4 0 0 0.032992035150528 1 0.000366571010090411 0 0 0 0.0155551563948393
"127" 0 13923 0 2.32850003242493 4 0 0 7.6838641166687 4 0 0 0.0313192009925842 2 0.00036008600727655 0 1 0 0.0155551563948393
"128" 0 18711 0 2.0528998374939 4 1 0 6.90575313568115 NA 0 0 0.0246153846383095 2 0.0947563722729683 0 1 0 0.0155551563948393
"129" 1 19140 0 57.6199989318848 34 1 0 6.4329400062561 4 0 0.400000005960464 0.0314136110246181 2 0.318054437637329 0.0126288142055273 1 0 0.0155551563948393
"130" 0 10704 0 9.10650062561035 4 0 0 7.6838641166687 4 0 0 0.022624434903264 3 0.000346529006492347 0 0 1 0.0155551563948393
"131" 0 16869 0 10.9080009460449 34 0 0 7.85282802581787 NA 0 0 0.0314685329794884 3 0.000467828998807818 0.00704197119921446 0 1 0.0155551563948393
"132" 0 13195 0 0.530400037765503 3 0 0 7.6838641166687 4 0 0 0.0313192009925842 3 0.000357729004463181 0 0 1 0.0155551563948393
"133" 0 12747 0 0.919200003147125 3 0 0 7.6838641166687 4 0 0 0.0313192009925842 2 0.000356986012775451 0 1 0 0.0155551563948393
"134" 0 17902 1 2.52999997138977 4 1 0 7.39141511917114 4 0 0 0.0127041740342975 3 0.00653834315016866 0 0 1 0.0155551563948393
"135" 0 18406 0 8.75400066375732 4 0 0 7.09920167922974 4 0 0.181818187236786 0.0127041740342975 2 0.0369116552174091 0 1 0 0.0155551563948393
"136" 1 17957 0 362.350006103516 16 0 0 7.3752555847168 NA 0 0.5 0.032992035150528 1 0.00864122901111841 0 0 0 0.0155551563948393
"137" 0 17383 0 12.25 4 0 0 7.60688447952271 4 0 0 0.0313192009925842 2 0.00125307100825012 0 1 0 0.0155551563948393
"138" 0 10644 0 6.37859964370728 4 1 0 7.6838641166687 4 0 0 0.0313192009925842 2 0.00034587099798955 0 1 0 0.0155551563948393
"139" 0 17278 0 27.7900009155273 7 0 0 7.66996192932129 4 0 0 0.0313192009925842 1 0.000934000010602176 0 0 0 0.0155551563948393
"140" 0 18549 0 22.0499992370605 31 0 0 7.00578880310059 4 0 0 0.0313192009925842 2 0.0593831427395344 0.0264823138713837 1 0 0.0155551563948393
"141" 0 14320 0 3.25100016593933 4 1 0 7.6838641166687 4 0 0 0.0313192009925842 2 0.000361857004463673 0 1 0 0.0155551563948393
"142" 0 16837 0 0.759999990463257 3 1 0 7.87016582489014 4 0 0 0.0270270276814699 3 0.000459200004115701 0 0 1 0.0155551563948393
"143" 0 14916 0 2.94799995422363 4 1 0 7.6838641166687 4 0 0 0.0313192009925842 1 0.000365443003829569 0 0 0 0.0155551563948393
"144" 0 3714 1 9.89999961853027 0 0 0 6.5998706817627 4 0 0.101351350545883 0.0319634713232517 2 0.00028300000121817 0 1 0 0.0155551563948393
"145" 0 16026 0 7.99099969863892 9 0 0 8.12917518615723 4 0 0 0.0239520967006683 3 0.000380957004381344 0 0 1 0.0155551563948393
"146" 1 10002 0 300.528900146484 27 0 0 7.6838641166687 4 0 0.5 0.0314685329794884 3 0.000332756986608729 0.000468785990960896 0 1 0.0155551563948393
"147" 0 17800 0 0.620000004768372 3 1 0 7.43011426925659 4 0 0 0.0313192009925842 1 0.00441349996253848 0 0 0 0.0155551563948393
"148" 0 14882 0 0.398499995470047 3 1 0 7.6838641166687 4 0 0 0 2 0.00036525700124912 0 1 0 0.0155551563948393
"149" 1 868 0 0 11 0 1 8.68169021606445 3 1 0.200000002980232 0.0313192009925842 3 0 0 0 1 0.0155551563948393
"150" 0 9819 0 3.05209994316101 4 0 0 7.6838641166687 4 0 0 0.0245283022522926 1 0.000325856992276385 0 0 0 0.0155551563948393
"151" 0 16736 0 116.230003356934 8 0 0 7.90174770355225 3 0 0 0.03125 2 0.000437785987742245 0 1 0 0.0155551563948393
"152" 0 11723 0 0.920400023460388 3 0 0 7.6838641166687 4 0 0 0.032992035150528 2 0.000353785988409072 0 1 0 0.0155551563948393
"153" 0 11113 0 3.63689994812012 4 0 0 7.6838641166687 4 0 0 0.0313192009925842 2 0.000350271002389491 0 1 0 0.0155551563948393
"154" 0 16661 0 3.89000010490417 7 1 0 7.92189836502075 4 0 0 0.032992035150528 2 0.000424328987719491 0.0141191706061363 1 0 0.0155551563948393
"155" 0 10104 0 24.4416999816895 4 0 0 7.6838641166687 NA 0 0 0.0358422957360744 2 0.000335899996571243 0 1 0 0.0155551563948393
"156" 0 11246 0 3.13040018081665 4 1 0 7.6838641166687 4 0 0 0.0313192009925842 2 0.000351285998476669 0 1 0 0.0155551563948393
"157" 0 11240 0 4.14429998397827 4 0 0 7.6838641166687 4 1 0 0.0358422957360744 3 0.000351257011061534 0 0 1 0.0155551563948393
"158" 0 15924 0 1.72000002861023 4 0 0 8.1539249420166 4 1 0 0.0246153846383095 2 0.000378828990506008 0 1 0 0.0155551563948393
"159" 0 12347 0 1.89230000972748 4 1 0 7.6838641166687 4 0 0 0.0313192009925842 2 0.000355970987584442 0 1 0 0.0155551563948393
"160" 1 15230 0 256.334991455078 6 1 0 7.6838641166687 3 0 0 0.0313192009925842 2 0.000368200009688735 0 1 0 0.0155551563948393
"161" 0 15955 0 15.5447998046875 7 0 0 8.14873504638672 3 1 0 0.0245283022522926 2 0.0003800289996434 0 1 0 0.0155551563948393
"162" 0 19079 0 274.880004882812 5 1 0 6.51619291305542 4 0 0 0.0313192009925842 2 0.279548317193985 0 1 0 0.0155551563948393
"163" 0 13910 0 2.71130013465881 4 1 0 7.6838641166687 4 0 0.333333343267441 0.0313192009925842 2 0.000360028992872685 0 1 0 0.0155551563948393
"164" 0 13450 0 5.33219957351685 11 0 0 7.6838641166687 5 0 0 0.0245283022522926 2 0.000358371005859226 0 1 0 0.0155551563948393
"165" 0 12347 0 1.89230000972748 4 1 0 7.6838641166687 3 0 0 0.0313192009925842 3 0.000355970987584442 0 0 1 0.0155551563948393
"166" 0 12889 0 0.287600010633469 7 1 0 7.6838641166687 4 0 0 0.0313192009925842 1 0.000357142998836935 0.010334842838347 0 0 0.0155551563948393
"167" 0 14528 0 0.459500014781952 3 1 0 7.6838641166687 4 0 0 0.0313192009925842 3 0.000362957012839615 0 0 1 0.0155551563948393
"168" 0 19240 0 5.76000022888184 9 1 0 6.16120719909668 3 1 0 0.032992035150528 3 0.452531725168228 0.011841599829495 0 1 0.0155551563948393
"169" 0 12194 0 3.90769982337952 4 1 0 7.6838641166687 4 1 0 0.0313192009925842 3 0.000355486001353711 0 0 1 0.0155551563948393
"170" 0 19613 0 5.86999988555908 14 0 0 3.89182019233704 4 0 0 0.0313192009925842 3 0 0.0582337416708469 0 1 0.0155551563948393
"171" 0 10046 0 32.6450996398926 4 1 0 7.6838641166687 4 0 0 0.0313192009925842 2 0.000334514013957232 0 1 0 0.0155551563948393
"172" 1 15267 0 67.572998046875 17 0 0 7.6838641166687 4 0 0 0.0313192009925842 2 0.000368486013030633 0 1 0 0.0155551563948393
"173" 0 9671 0 3.50239992141724 4 1 0 7.6838641166687 4 0 0 0.032992035150528 2 0.000318942999001592 0 1 0 0.0155551563948393
"174" 1 13156 0 421.192687988281 8 0 0 7.6838641166687 4 1 0 0.0313192009925842 2 0.000357643002644181 0.0044775428250432 1 0 0.0155551563948393
"175" 0 17681 0 3.07999992370605 4 0 0 7.48605251312256 4 0 0 0.070175439119339 2 0.00309278606437147 0 1 0 0.0155551563948393
"176" 0 15527 0 1.34500002861023 4 1 0 7.6838641166687 4 0 0 0.0313192009925842 2 0.000371970993001014 0 1 0 0.0155551563948393
"177" 1 19528 0 58.4300003051758 11 1 0 5.12989854812622 4 0 0.101351350545883 0.0227272734045982 2 2.97672152519226 0.00901705678552389 1 0 0.0155551563948393
"178" 1 14183 0 100.219100952148 5 0 0 7.6838641166687 3 0 0 0.0313192009925842 2 0.000361256999894977 0 1 0 0.0155551563948393
"179" 0 673 0 5.74969959259033 0 0 0 8.76139354705811 4 0 0 0.0314136110246181 3 0 0 0 1 0.0155551563948393
"180" 0 9797 0 5.4225001335144 4 0 0 7.6838641166687 4 1 0 0.0245283022522926 2 0.000324671011185274 0 1 0 0.0155551563948393
"181" 0 10026 0 9.60050010681152 4 0 0 7.6838641166687 NA 0 0 0.0313192009925842 2 0.000333728996338323 0 1 0 0.0155551563948393
"182" 0 19381 0 113.709999084473 11 0 0 5.81114101409912 4 1 0 0.0313192009925842 3 0.900377631187439 0.00215568603016436 0 1 0.0155551563948393
"183" 0 10632 0 0.921999990940094 3 0 0 7.6838641166687 NA 0 0 0 2 0.000345628999639302 0 1 0 0.0155551563948393
"184" 0 10328 0 3.05450010299683 4 1 0 7.6838641166687 4 0 0 0.0313192009925842 3 0.000340900005539879 0 0 1 0.0155551563948393
"185" 0 1679 0 102.135398864746 0 0 0 8.18562889099121 4 0 0 0.029126213863492 2 0 0 1 0 0.0155551563948393
"186" 0 13261 0 1.92399990558624 4 1 0 7.6838641166687 4 0 0 0.0313192009925842 2 0.00035782900522463 0 1 0 0.0155551563948393
"187" 1 18661 0 58.5200004577637 9 1 0 6.95368432998657 4 0 0.101351350545883 0.0313192009925842 1 0.0827173143625259 0 0 0 0.0155551563948393
"188" 0 17445 0 13.7799997329712 5 0 0 7.58018922805786 4 0 0 0.0428571440279484 1 0.00142844300717115 0 0 0 0.0155551563948393
"189" 0 13876 0 261.338195800781 4 0 0 7.6838641166687 4 0 0 0 2 0.000359828991349787 0 1 0 0.0155551563948393
"190" 1 10911 0 96.5376968383789 7 0 0 7.6838641166687 4 1 0 0.0239520967006683 2 0.000348486006259918 0 1 0 0.0181256514042616
"191" 1 18286 0 101.029998779297 27 0 0 7.19142913818359 4 0 0.5 0.0270270276814699 1 0.0251621287316084 0 0 0 0.0181256514042616
"192" 0 9863 0 1.09440004825592 14 1 0 7.6838641166687 4 0 0 0.032992035150528 2 0.000327499990817159 0 1 0 0.0181256514042616
"193" 1 3570 0 0 92 0 1 6.92657709121704 4 1 0 0.0127041740342975 3 0.000257999985478818 0.0665885731577873 0 1 0.0181256514042616
"194" 0 14292 0 2.33290004730225 4 1 0 7.6838641166687 4 0 0 0.0314685329794884 2 0.000361729005817324 0 1 0 0.0181256514042616
"195" 1 13673 0 102.829002380371 6 1 0 7.6838641166687 4 0 0 0.0313192009925842 2 0.000359085999662057 0 1 0 0.0181256514042616
"196" 0 3069 0 12.4200000762939 0 0 0 7.41397047042847 4 0 0.0247116964310408 0.0314136110246181 3 0 0 0 1 0.0181256514042616
"197" 1 3741 0 312.119995117188 172 0 0 6.505784034729 4 0 0.400000005960464 0.029126213863492 3 0.000285971007542685 0.0319323725998402 0 1 0.0181256514042616
"198" 1 14014 0 508.985198974609 8 0 0 7.6838641166687 3 1 0 0.0314685329794884 2 0.000360428995918483 0.00133301399182528 1 0 0.0181256514042616
"199" 1 17498 0 71.0400009155273 10 1 0 7.55903816223145 4 0 0 0.0313192009925842 3 0.00170342903584242 0 0 1 0.0181256514042616
"200" 0 14645 0 0.156400009989738 43 1 0 7.6838641166687 NA 1 0.101265825331211 0.0245283022522926 3 0.000363500003004447 0 0 1 0.0181256514042616
"201" 0 2188 0 14.0937004089355 10 0 0 7.88382339477539 4 0 0.0669642835855484 0.0245283022522926 3 0 0 0 1 0.0181256514042616
"202" 1 3490 0 123 10 0 0 7.00669527053833 4 0 0.600000023841858 0.0358422957360744 3 0.00023475699708797 0.000129171006847173 0 1 0.0181256514042616
"203" 1 14605 0 204.034301757812 24 1 0 7.6838641166687 NA 0 0 0.0313192009925842 1 0.000363286002539098 0 0 0 0.0181256514042616
"204" 0 15050 0 1.72049999237061 4 1 0 7.6838641166687 4 0 0 0.0313192009925842 2 0.000366313994163647 0 1 0 0.0181256514042616
"205" 1 1205 0 409.896026611328 52 1 0 8.4426851272583 4 0 0.0833333358168602 0.0358422957360744 3 0 0.00579361384734511 0 1 0.0181256514042616
"206" 0 1373 0 6.72249984741211 0 0 0 8.35349750518799 3 0 0 0.032992035150528 2 0 0 1 0 0.0181256514042616
"207" 0 11692 0 3.46420001983643 4 0 0 7.6838641166687 4 0 0 0.0313192009925842 2 0.000353670999174938 0 1 0 0.0181256514042616
"208" 1 15839 0 263.023498535156 14 0 0 7.6838641166687 4 0 0.101265825331211 0.0239520967006683 3 0.0003770430048462 0.000640814017970115 0 1 0.0181256514042616
"209" 0 13028 0 9.12539958953857 4 0 0 7.6838641166687 4 0 0 0.0314136110246181 2 0.000357385986717418 0 1 0 0.0181256514042616
"210" 1 14008 0 64.709602355957 43 0 0 7.6838641166687 4 0 0 0.0442890450358391 3 0.000360386009560898 0.0194982290267944 0 1 0.0181256514042616
"211" 0 14011 0 0.30919998884201 3 0 0 7.6838641166687 4 0 0 0.032992035150528 2 0.000360428995918483 0 1 0 0.0181256514042616
"212" 0 10466 0 1.38450002670288 4 0 0 7.6838641166687 4 0 0 0.0314685329794884 2 0.000343399995472282 0 1 0 0.0181256514042616
"213" 0 18891 0 10.7799997329712 18 0 0 6.77878475189209 4 0 0 0.0442890450358391 2 0.161785498261452 0 1 0 0.0181256514042616
"214" 0 2758 0 3.5550000667572 0 0 0 7.5938777923584 4 0 0 0.0428571440279484 3 0 0 0 1 0.0181256514042616
"215" 0 12313 0 1.83179998397827 4 0 0 7.6838641166687 4 0 0 0.0313192009925842 3 0.000355886004399508 0 0 1 0.0181256514042616
"216" 0 3528 1 9.82999992370605 13 0 0 6.96413564682007 3 0 0 0.0313192009925842 3 0.000246100011281669 0.0186791718006134 0 1 0.0181256514042616
"217" 0 384 0 6.03909969329834 0 0 0 9.06543064117432 4 0 0 0.0313192009925842 3 0 0 0 1 0.0181256514042616
"218" 1 3926 0 0 613 1 1 5.67675399780273 3 0 0.714285731315613 0.0313192009925842 3 0.000306828995235264 0.0395098850131035 0 1 0.0181256514042616
"219" 0 19478 0 12.3400001525879 4 1 0 5.43372201919556 3 0 0.101351350545883 0.0358422957360744 2 1.70866394042969 0 1 0 0.0181256514042616
"220" 0 3064 0 4.53999996185303 0 0 0 7.4157772064209 4 NA 0.0490797534584999 0.0428571440279484 2 0 0 1 0 0.0181256514042616
"221" 1 18491 0 24.9400005340576 87 0 0 7.03438806533813 4 0 0.5 0.032992035150528 2 0.0495744869112968 0.033049214631319 1 0 0.0181256514042616
"222" 0 16998 0 7.18219947814941 10 0 0 7.79193592071533 3 0 0 0.0314136110246181 2 0.000519443012308329 0.00430197082459927 1 0 0.0181256514042616
"223" 0 3368 1 58.9020004272461 21 0 0 7.13409376144409 4 0 0.0490797534584999 0.0319634713232517 2 0.000148513994645327 0 1 0 0.0181256514042616
"224" 0 14474 0 0.383499979972839 3 1 0 7.6838641166687 3 0 0 0.0313192009925842 3 0.000362757011316717 0 0 1 0.0181256514042616
"225" 0 10063 0 2.39820003509521 4 0 0 7.6838641166687 4 0 0 0.0127041740342975 1 0.000335013988660648 0 0 0 0.0181256514042616
"226" 0 9631 0 6.0479998588562 4 0 0 7.6838641166687 4 0 0 0.0319634713232517 3 0.000316385994665325 0 0 1 0.0181256514042616
"227" 1 2157 0 149.865295410156 136 1 0 7.90100717544556 4 0 0.0247116964310408 0.0127041740342975 3 0 0.0472618862986565 0 1 0.0181256514042616
"228" 0 2241 1 2.53289985656738 527 0 0 7.6838641166687 4 1 0 0.0313192009925842 2 0 0.10816939920187 1 0 0.0181256514042616
"229" 0 14505 0 292.207305908203 27 1 0 7.6838641166687 4 0 0 0.032992035150528 2 0.000362829014193267 0.00702234311029315 1 0 0.0217592380940914
"230" 0 11459 0 87.5149993896484 4 1 0 7.6838641166687 3 0 0 0.0313192009925842 2 0.000352428993210196 0 1 0 0.0217592380940914
"231" 1 17042 0 245.710006713867 15 1 0 7.76556921005249 4 0 0 0.0313192009925842 1 0.00056242902064696 0.00108615704812109 0 0 0.0217592380940914
"232" 0 3008 1 9.89999961853027 0 0 0 7.44132041931152 4 0 0 0.0246153846383095 3 0 0 0 1 0.0218376703560352
"233" 0 15835 0 2.0699999332428 4 0 0 7.6838641166687 3 0 0 0.0314685329794884 2 0.000376871001208201 0 1 0 0.0257592387497425
"234" 1 19149 0 73.3724060058594 12 1 0 6.41345882415771 4 0 0.5 0.0313192009925842 2 0.329704284667969 0 1 0 0.0257592387497425
"235" 0 3508 0 46.0400009155273 58 0 0 6.98100566864014 3 0 0 0.032992035150528 3 0.000242128997342661 0.0271768718957901 0 1 0.0257592387497425
"236" 0 18394 0 0.109999999403954 1 0 0 7.10987949371338 4 0 0 0.0314685329794884 2 0.0351784564554691 0 1 0 0.0257592387497425
"237" 0 18053 0 43.1800003051758 4 0 0 7.32317066192627 4 0 0.101351350545883 0.0313192009925842 2 0.0117230294272304 0 1 0 0.0257592387497425
"238" 0 18330 0 9.27000045776367 4 0 0 7.15617656707764 3 1 0 0.032992035150528 2 0.0289609991014004 0 1 0 0.0257592387497425
"239" 1 17927 0 38.0499992370605 43 1 0 7.38832807540894 4 0 0.25 0.0246153846383095 2 0.0073613291606307 0.0502600148320198 1 0 0.0257592387497425
"240" 0 14813 0 0 4 0 1 7.6838641166687 4 0 0 0.0313192009925842 2 0.000364829000318423 0 1 0 0.0257592387497425
"241" 0 15150 0 0.322499990463257 3 1 0 7.6838641166687 4 0 0 0.0313192009925842 2 0.00036748600541614 0 1 0 0.0257592387497425
"242" 1 3137 0 361.320007324219 87 0 0 7.37588214874268 4 0 0.600000023841858 0.0239520967006683 3 0 0.0429799444973469 0 1 0.0257592387497425
"243" 0 10787 0 214.483688354492 10 0 0 7.6838641166687 4 0 0 0 2 0.00034737100941129 0 1 0 0.0257592387497425
"244" 0 10538 0 1.13580000400543 3 1 0 7.6838641166687 4 0 0 0.0313192009925842 2 0.000344514002790675 0 1 0 0.0257592387497425
"245" 0 17528 0 4.86999988555908 4 0 0 7.5443320274353 4 0 0 0.0181818176060915 1 0.00178908603265882 0 0 0 0.0257592387497425
"246" 1 11329 0 42.8995018005371 17 0 0 7.6838641166687 3 0 0 0.0192307699471712 2 0.000351742986822501 0 1 0 0.0257592387497425
"247" 0 14783 0 1.92199993133545 4 1 0 7.6838641166687 4 0 0 0.0313192009925842 2 0.000364628998795524 0 1 0 0.0257592387497425
"248" 0 12973 0 0.945599973201752 3 0 0 7.6838641166687 4 0 0 0.00970873795449734 1 0.000357285985955968 0 0 0 0.0257592387497425
"249" 0 13704 0 1.78250002861023 4 0 0 7.6838641166687 NA 0 0 0.0313192009925842 2 0.000359213998308405 0 1 0 0.0257592387497425
"250" 0 15311 0 0.910000026226044 3 1 0 7.6838641166687 4 0 0 0.0313192009925842 2 0.00036891401396133 0 1 0 0.0257592387497425
"251" 0 15233 0 0.490000009536743 3 0 0 7.6838641166687 4 0 0 0.0239520967006683 2 0.00036822899710387 0 1 0 0.0257592387497425
"252" 0 12194 0 3.90769982337952 4 1 0 7.6838641166687 4 0 0 0.0313192009925842 2 0.000355486001353711 0 1 0 0.0257592387497425
"253" 0 14783 0 1.92199993133545 4 1 0 7.6838641166687 4 0 0 0.0313192009925842 1 0.000364628998795524 0 0 0 0.0257592387497425
"254" 0 17035 0 11.1099996566772 6 0 0 7.76895618438721 5 0 0 0 3 0.000555870996322483 0 0 1 0.0257592387497425
"255" 0 9748 0 1.52730000019073 4 0 0 7.6838641166687 4 0 0 0.022624434903264 2 0.000322442996548489 0 1 0 0.0257592387497425
"256" 1 2013 0 207.818588256836 11 0 0 7.99429512023926 4 0 0.300000011920929 0.0442890450358391 3 0 0 0 1 0.0257592387497425
"257" 0 10557 0 5.07649993896484 4 0 0 7.6838641166687 4 0 0 0.0313192009925842 2 0.000344656989909708 0 1 0 0.0257592387497425
"258" 1 19493 0 976.260009765625 6 0 0 5.37989711761475 4 0 0.5 0.032992035150528 2 1.93768501281738 0 1 0 0.0257592387497425
"259" 0 15835 0 2.0699999332428 4 0 0 7.6838641166687 3 0 0 0.0314685329794884 2 0.000376871001208201 0 1 0 0.0257592387497425
"260" 0 9698 0 23.7448997497559 4 0 0 7.6838641166687 4 0 0 0.032992035150528 2 0.000320529012242332 0 1 0 0.0257592387497425
"261" 0 14365 0 0.192499995231628 1 1 0 7.6838641166687 4 0 0 0.0313192009925842 2 0.000362143007805571 0 1 0 0.0257592387497425
"262" 0 13007 0 19.37380027771 29 0 0 7.6838641166687 4 0 0 0.0239520967006683 2 0.000357356999302283 0 1 0 0.0257592387497425
"263" 0 17722 0 3.21000003814697 4 1 0 7.47079372406006 4 0 0 0.0428571440279484 2 0.00358320004306734 0 1 0 0.0257592387497425
"264" 0 16276 0 17.3299999237061 4 1 0 8.06620788574219 4 0 0 0.0313192009925842 2 0.000392357003875077 0 1 0 0.0257592387497425
"265" 0 18891 0 10.7799997329712 18 0 0 6.77878475189209 4 0 0 0.0442890450358391 2 0.161785498261452 0 1 0 0.0257592387497425
"266" 0 17768 0 2.67779994010925 4 0 0 7.44716835021973 3 0 0 0.032992035150528 2 0.00402198592200875 0 1 0 0.0257592387497425
"267" 0 11254 0 1.92539989948273 4 0 0 7.6838641166687 4 0 0 0.0555555559694767 3 0.000351285998476669 0 0 1 0.0257592387497425
"268" 1 3695 0 18.7000007629395 11 0 0 6.6605749130249 4 0 0 0.0127041740342975 3 0.000279286003205925 0 0 1 0.0257592387497425
"269" 0 2908 1 15.5170993804932 4 1 0 7.49776172637939 3 0 0 0.0127041740342975 2 0 0 1 0 0.0257592387497425
"270" 0 17397 0 6.67000007629395 4 0 0 7.60240125656128 4 1 0 0.029126213863492 1 0.00130914303008467 0 0 0 0.0257592387497425
"271" 0 17437 0 1.33000004291534 4 1 0 7.58273839950562 4 0 0 0.0313192009925842 3 0.00140848604496568 0 0 1 NA
"272" 0 10976 0 28.2418994903564 70 0 0 7.6838641166687 4 0 0.0512820519506931 0.0442890450358391 2 0.000349100009771064 0.0339642874896526 1 0 NA
"273" 1 17788 0 103.01000213623 6 1 0 7.43779516220093 3 0 0.16666667163372 0.0313192009925842 3 0.00427465699613094 0.00322209997102618 0 1 NA
"274" 1 12983 0 0 10 1 1 7.6838641166687 4 0 1 0.0313192009925842 2 0.000357300014002249 0.00181668600998819 1 0 NA
"275" 0 17633 0 1.30999994277954 4 1 0 7.50328969955444 4 0 0 0.0127041740342975 2 0.00265939999371767 0 1 0 NA
"276" 0 1529 0 0.959999978542328 0 0 0 8.28450393676758 3 1 0 0.0127041740342975 3 0 0 0 1 NA
"277" 0 15215 0 2.14949989318848 4 1 0 7.6838641166687 3 0 0 0.0313192009925842 2 0.000368042994523421 0 1 0 NA
"278" 0 14721 0 4.35019969940186 4 0 0 7.6838641166687 3 0 0 0.0271317828446627 2 0.000364156992873177 0 1 0 NA
"279" 0 12943 0 1.30050003528595 4 0 0 7.6838641166687 NA 0 0 0.0625 1 0.000357229000655934 0 0 0 NA
